{
  "nbformat": 4,
  "nbformat_minor": 0,
  "metadata": {
    "colab": {
      "provenance": [],
      "collapsed_sections": []
    },
    "kernelspec": {
      "name": "python3",
      "display_name": "Python 3"
    },
    "language_info": {
      "name": "python"
    }
  },
  "cells": [
    {
      "cell_type": "markdown",
      "source": [
        "Individual contribution\n",
        "* Sai Kiran - Data Preprocessing\n",
        "* Sai Teja - Exploratory Analysis 8,9,10,11\n",
        "* Pranay - Exploratory Analysis 12,13,14\n",
        "* Rahul tiwari- Exploratory and Test Train Split\n",
        "* Rushikesh - Random and Decision\n",
        "* Rahul kumar - KNN, Linear, Logistic\n",
        "\n"
      ],
      "metadata": {
        "id": "6Tq1aws9HG2w"
      }
    },
    {
      "cell_type": "markdown",
      "source": [
        "# **A) Pre-processing and exploratory data analysis.**"
      ],
      "metadata": {
        "id": "vfQPSMmcyPxy"
      }
    },
    {
      "cell_type": "markdown",
      "source": [
        "* Import the basic libraries required"
      ],
      "metadata": {
        "id": "Zk3l9xa1n0e_"
      }
    },
    {
      "cell_type": "code",
      "execution_count": null,
      "metadata": {
        "id": "AO0fYWjVnmi4"
      },
      "outputs": [],
      "source": [
        "import pandas as pd\n",
        "import matplotlib.pyplot as plt\n",
        "import math\n",
        "import seaborn as sns\n",
        "import numpy as np\n",
        "from numpy import mean\n",
        "from numpy import std\n",
        "from pylab import rcParams\n",
        "from sklearn.model_selection import train_test_split\n",
        "from math import sqrt\n",
        "from sklearn.ensemble import RandomForestRegressor\n",
        "from sklearn.tree import DecisionTreeClassifier\n",
        "from sklearn.linear_model import LinearRegression\n",
        "from sklearn.neighbors import KNeighborsClassifier\n",
        "from sklearn.linear_model import LogisticRegression\n",
        "from sklearn.metrics import accuracy_score, classification_report, roc_auc_score, mean_squared_error, mean_absolute_error"
      ]
    },
    {
      "cell_type": "markdown",
      "source": [
        "* Reading the datafile as dataframe"
      ],
      "metadata": {
        "id": "8ndokOCtuvgt"
      }
    },
    {
      "cell_type": "code",
      "source": [
        "hours_basis = pd.read_csv('/content/hour - hour.csv')\n",
        "day_basis = pd.read_csv(\"/content/day - day.csv\")"
      ],
      "metadata": {
        "id": "_t-5FOfUoK_6"
      },
      "execution_count": null,
      "outputs": []
    },
    {
      "cell_type": "markdown",
      "source": [
        "* Checking for null values"
      ],
      "metadata": {
        "id": "3E6o7FI9u-fl"
      }
    },
    {
      "cell_type": "code",
      "source": [
        "hours_basis.isnull().sum(axis=0)"
      ],
      "metadata": {
        "colab": {
          "base_uri": "https://localhost:8080/"
        },
        "id": "VBn2RSZWr_hz",
        "outputId": "58dbb52d-d42d-4283-8aa2-c716184d6a57"
      },
      "execution_count": null,
      "outputs": [
        {
          "output_type": "execute_result",
          "data": {
            "text/plain": [
              "instant       0\n",
              "dteday        0\n",
              "season        0\n",
              "yr            0\n",
              "mnth          0\n",
              "hr            0\n",
              "holiday       0\n",
              "weekday       0\n",
              "workingday    0\n",
              "weathersit    0\n",
              "temp          0\n",
              "atemp         0\n",
              "hum           0\n",
              "windspeed     0\n",
              "casual        0\n",
              "registered    0\n",
              "cnt           0\n",
              "dtype: int64"
            ]
          },
          "metadata": {},
          "execution_count": 63
        }
      ]
    },
    {
      "cell_type": "markdown",
      "source": [
        "* Checking the dataypes of the dataframe"
      ],
      "metadata": {
        "id": "NhjJrz3gvHp6"
      }
    },
    {
      "cell_type": "code",
      "source": [
        "hours_basis.dtypes"
      ],
      "metadata": {
        "colab": {
          "base_uri": "https://localhost:8080/"
        },
        "id": "tXr21YSATKFl",
        "outputId": "cefa94ff-4526-4bd5-c631-bbd51338c1a0"
      },
      "execution_count": null,
      "outputs": [
        {
          "output_type": "execute_result",
          "data": {
            "text/plain": [
              "instant         int64\n",
              "dteday         object\n",
              "season          int64\n",
              "yr              int64\n",
              "mnth            int64\n",
              "hr              int64\n",
              "holiday         int64\n",
              "weekday         int64\n",
              "workingday      int64\n",
              "weathersit      int64\n",
              "temp          float64\n",
              "atemp         float64\n",
              "hum           float64\n",
              "windspeed     float64\n",
              "casual          int64\n",
              "registered      int64\n",
              "cnt             int64\n",
              "dtype: object"
            ]
          },
          "metadata": {},
          "execution_count": 64
        }
      ]
    },
    {
      "cell_type": "markdown",
      "source": [
        "* Converting dte column to datetime datatype"
      ],
      "metadata": {
        "id": "R0TiEMymvXBa"
      }
    },
    {
      "cell_type": "code",
      "source": [
        "hours_basis[\"dteday\"] = pd.to_datetime(hours_basis[\"dteday\"])\n",
        "day_basis[\"dteday\"] = pd.to_datetime(day_basis[\"dteday\"])"
      ],
      "metadata": {
        "id": "APAzq4o_vUKk"
      },
      "execution_count": null,
      "outputs": []
    },
    {
      "cell_type": "markdown",
      "source": [
        "* Building Correlation Matrix."
      ],
      "metadata": {
        "id": "KADK-zTPvvw1"
      }
    },
    {
      "cell_type": "code",
      "source": [
        "hours_basis.corr()"
      ],
      "metadata": {
        "colab": {
          "base_uri": "https://localhost:8080/",
          "height": 615
        },
        "id": "zvt-DzoLvu4E",
        "outputId": "a8ddef75-1e04-4e2c-ce3c-a0adc6e19c9d"
      },
      "execution_count": null,
      "outputs": [
        {
          "output_type": "execute_result",
          "data": {
            "text/plain": [
              "             instant    season        yr      mnth        hr   holiday  \\\n",
              "instant     1.000000  0.404046  0.866014  0.489164 -0.004775  0.014723   \n",
              "season      0.404046  1.000000 -0.010742  0.830386 -0.006117 -0.009585   \n",
              "yr          0.866014 -0.010742  1.000000 -0.010473 -0.003867  0.006692   \n",
              "mnth        0.489164  0.830386 -0.010473  1.000000 -0.005772  0.018430   \n",
              "hr         -0.004775 -0.006117 -0.003867 -0.005772  1.000000  0.000479   \n",
              "holiday     0.014723 -0.009585  0.006692  0.018430  0.000479  1.000000   \n",
              "weekday     0.001357 -0.002335 -0.004485  0.010400 -0.003498 -0.102088   \n",
              "workingday -0.003416  0.013743 -0.002196 -0.003477  0.002285 -0.252471   \n",
              "weathersit -0.014198 -0.014524 -0.019157  0.005400 -0.020203 -0.017036   \n",
              "temp        0.136178  0.312025  0.040913  0.201691  0.137603 -0.027340   \n",
              "atemp       0.137615  0.319380  0.039222  0.208096  0.133750 -0.030973   \n",
              "hum         0.009577  0.150625 -0.083546  0.164411 -0.276498 -0.010588   \n",
              "windspeed  -0.074505 -0.149773 -0.008740 -0.135386  0.137252  0.003988   \n",
              "casual      0.158295  0.120206  0.142779  0.068457  0.301202  0.031564   \n",
              "registered  0.282046  0.174226  0.253684  0.122273  0.374141 -0.047345   \n",
              "cnt         0.278379  0.178056  0.250495  0.120638  0.394071 -0.030927   \n",
              "\n",
              "             weekday  workingday  weathersit      temp     atemp       hum  \\\n",
              "instant     0.001357   -0.003416   -0.014198  0.136178  0.137615  0.009577   \n",
              "season     -0.002335    0.013743   -0.014524  0.312025  0.319380  0.150625   \n",
              "yr         -0.004485   -0.002196   -0.019157  0.040913  0.039222 -0.083546   \n",
              "mnth        0.010400   -0.003477    0.005400  0.201691  0.208096  0.164411   \n",
              "hr         -0.003498    0.002285   -0.020203  0.137603  0.133750 -0.276498   \n",
              "holiday    -0.102088   -0.252471   -0.017036 -0.027340 -0.030973 -0.010588   \n",
              "weekday     1.000000    0.035955    0.003311 -0.001795 -0.008821 -0.037158   \n",
              "workingday  0.035955    1.000000    0.044672  0.055390  0.054667  0.015688   \n",
              "weathersit  0.003311    0.044672    1.000000 -0.102640 -0.105563  0.418130   \n",
              "temp       -0.001795    0.055390   -0.102640  1.000000  0.987672 -0.069881   \n",
              "atemp      -0.008821    0.054667   -0.105563  0.987672  1.000000 -0.051918   \n",
              "hum        -0.037158    0.015688    0.418130 -0.069881 -0.051918  1.000000   \n",
              "windspeed   0.011502   -0.011830    0.026226 -0.023125 -0.062336 -0.290105   \n",
              "casual      0.032721   -0.300942   -0.152628  0.459616  0.454080 -0.347028   \n",
              "registered  0.021578    0.134326   -0.120966  0.335361  0.332559 -0.273933   \n",
              "cnt         0.026900    0.030284   -0.142426  0.404772  0.400929 -0.322911   \n",
              "\n",
              "            windspeed    casual  registered       cnt  \n",
              "instant     -0.074505  0.158295    0.282046  0.278379  \n",
              "season      -0.149773  0.120206    0.174226  0.178056  \n",
              "yr          -0.008740  0.142779    0.253684  0.250495  \n",
              "mnth        -0.135386  0.068457    0.122273  0.120638  \n",
              "hr           0.137252  0.301202    0.374141  0.394071  \n",
              "holiday      0.003988  0.031564   -0.047345 -0.030927  \n",
              "weekday      0.011502  0.032721    0.021578  0.026900  \n",
              "workingday  -0.011830 -0.300942    0.134326  0.030284  \n",
              "weathersit   0.026226 -0.152628   -0.120966 -0.142426  \n",
              "temp        -0.023125  0.459616    0.335361  0.404772  \n",
              "atemp       -0.062336  0.454080    0.332559  0.400929  \n",
              "hum         -0.290105 -0.347028   -0.273933 -0.322911  \n",
              "windspeed    1.000000  0.090287    0.082321  0.093234  \n",
              "casual       0.090287  1.000000    0.506618  0.694564  \n",
              "registered   0.082321  0.506618    1.000000  0.972151  \n",
              "cnt          0.093234  0.694564    0.972151  1.000000  "
            ],
            "text/html": [
              "\n",
              "  <div id=\"df-74f7ddc6-713a-495f-9ee8-e2e83616b0d2\">\n",
              "    <div class=\"colab-df-container\">\n",
              "      <div>\n",
              "<style scoped>\n",
              "    .dataframe tbody tr th:only-of-type {\n",
              "        vertical-align: middle;\n",
              "    }\n",
              "\n",
              "    .dataframe tbody tr th {\n",
              "        vertical-align: top;\n",
              "    }\n",
              "\n",
              "    .dataframe thead th {\n",
              "        text-align: right;\n",
              "    }\n",
              "</style>\n",
              "<table border=\"1\" class=\"dataframe\">\n",
              "  <thead>\n",
              "    <tr style=\"text-align: right;\">\n",
              "      <th></th>\n",
              "      <th>instant</th>\n",
              "      <th>season</th>\n",
              "      <th>yr</th>\n",
              "      <th>mnth</th>\n",
              "      <th>hr</th>\n",
              "      <th>holiday</th>\n",
              "      <th>weekday</th>\n",
              "      <th>workingday</th>\n",
              "      <th>weathersit</th>\n",
              "      <th>temp</th>\n",
              "      <th>atemp</th>\n",
              "      <th>hum</th>\n",
              "      <th>windspeed</th>\n",
              "      <th>casual</th>\n",
              "      <th>registered</th>\n",
              "      <th>cnt</th>\n",
              "    </tr>\n",
              "  </thead>\n",
              "  <tbody>\n",
              "    <tr>\n",
              "      <th>instant</th>\n",
              "      <td>1.000000</td>\n",
              "      <td>0.404046</td>\n",
              "      <td>0.866014</td>\n",
              "      <td>0.489164</td>\n",
              "      <td>-0.004775</td>\n",
              "      <td>0.014723</td>\n",
              "      <td>0.001357</td>\n",
              "      <td>-0.003416</td>\n",
              "      <td>-0.014198</td>\n",
              "      <td>0.136178</td>\n",
              "      <td>0.137615</td>\n",
              "      <td>0.009577</td>\n",
              "      <td>-0.074505</td>\n",
              "      <td>0.158295</td>\n",
              "      <td>0.282046</td>\n",
              "      <td>0.278379</td>\n",
              "    </tr>\n",
              "    <tr>\n",
              "      <th>season</th>\n",
              "      <td>0.404046</td>\n",
              "      <td>1.000000</td>\n",
              "      <td>-0.010742</td>\n",
              "      <td>0.830386</td>\n",
              "      <td>-0.006117</td>\n",
              "      <td>-0.009585</td>\n",
              "      <td>-0.002335</td>\n",
              "      <td>0.013743</td>\n",
              "      <td>-0.014524</td>\n",
              "      <td>0.312025</td>\n",
              "      <td>0.319380</td>\n",
              "      <td>0.150625</td>\n",
              "      <td>-0.149773</td>\n",
              "      <td>0.120206</td>\n",
              "      <td>0.174226</td>\n",
              "      <td>0.178056</td>\n",
              "    </tr>\n",
              "    <tr>\n",
              "      <th>yr</th>\n",
              "      <td>0.866014</td>\n",
              "      <td>-0.010742</td>\n",
              "      <td>1.000000</td>\n",
              "      <td>-0.010473</td>\n",
              "      <td>-0.003867</td>\n",
              "      <td>0.006692</td>\n",
              "      <td>-0.004485</td>\n",
              "      <td>-0.002196</td>\n",
              "      <td>-0.019157</td>\n",
              "      <td>0.040913</td>\n",
              "      <td>0.039222</td>\n",
              "      <td>-0.083546</td>\n",
              "      <td>-0.008740</td>\n",
              "      <td>0.142779</td>\n",
              "      <td>0.253684</td>\n",
              "      <td>0.250495</td>\n",
              "    </tr>\n",
              "    <tr>\n",
              "      <th>mnth</th>\n",
              "      <td>0.489164</td>\n",
              "      <td>0.830386</td>\n",
              "      <td>-0.010473</td>\n",
              "      <td>1.000000</td>\n",
              "      <td>-0.005772</td>\n",
              "      <td>0.018430</td>\n",
              "      <td>0.010400</td>\n",
              "      <td>-0.003477</td>\n",
              "      <td>0.005400</td>\n",
              "      <td>0.201691</td>\n",
              "      <td>0.208096</td>\n",
              "      <td>0.164411</td>\n",
              "      <td>-0.135386</td>\n",
              "      <td>0.068457</td>\n",
              "      <td>0.122273</td>\n",
              "      <td>0.120638</td>\n",
              "    </tr>\n",
              "    <tr>\n",
              "      <th>hr</th>\n",
              "      <td>-0.004775</td>\n",
              "      <td>-0.006117</td>\n",
              "      <td>-0.003867</td>\n",
              "      <td>-0.005772</td>\n",
              "      <td>1.000000</td>\n",
              "      <td>0.000479</td>\n",
              "      <td>-0.003498</td>\n",
              "      <td>0.002285</td>\n",
              "      <td>-0.020203</td>\n",
              "      <td>0.137603</td>\n",
              "      <td>0.133750</td>\n",
              "      <td>-0.276498</td>\n",
              "      <td>0.137252</td>\n",
              "      <td>0.301202</td>\n",
              "      <td>0.374141</td>\n",
              "      <td>0.394071</td>\n",
              "    </tr>\n",
              "    <tr>\n",
              "      <th>holiday</th>\n",
              "      <td>0.014723</td>\n",
              "      <td>-0.009585</td>\n",
              "      <td>0.006692</td>\n",
              "      <td>0.018430</td>\n",
              "      <td>0.000479</td>\n",
              "      <td>1.000000</td>\n",
              "      <td>-0.102088</td>\n",
              "      <td>-0.252471</td>\n",
              "      <td>-0.017036</td>\n",
              "      <td>-0.027340</td>\n",
              "      <td>-0.030973</td>\n",
              "      <td>-0.010588</td>\n",
              "      <td>0.003988</td>\n",
              "      <td>0.031564</td>\n",
              "      <td>-0.047345</td>\n",
              "      <td>-0.030927</td>\n",
              "    </tr>\n",
              "    <tr>\n",
              "      <th>weekday</th>\n",
              "      <td>0.001357</td>\n",
              "      <td>-0.002335</td>\n",
              "      <td>-0.004485</td>\n",
              "      <td>0.010400</td>\n",
              "      <td>-0.003498</td>\n",
              "      <td>-0.102088</td>\n",
              "      <td>1.000000</td>\n",
              "      <td>0.035955</td>\n",
              "      <td>0.003311</td>\n",
              "      <td>-0.001795</td>\n",
              "      <td>-0.008821</td>\n",
              "      <td>-0.037158</td>\n",
              "      <td>0.011502</td>\n",
              "      <td>0.032721</td>\n",
              "      <td>0.021578</td>\n",
              "      <td>0.026900</td>\n",
              "    </tr>\n",
              "    <tr>\n",
              "      <th>workingday</th>\n",
              "      <td>-0.003416</td>\n",
              "      <td>0.013743</td>\n",
              "      <td>-0.002196</td>\n",
              "      <td>-0.003477</td>\n",
              "      <td>0.002285</td>\n",
              "      <td>-0.252471</td>\n",
              "      <td>0.035955</td>\n",
              "      <td>1.000000</td>\n",
              "      <td>0.044672</td>\n",
              "      <td>0.055390</td>\n",
              "      <td>0.054667</td>\n",
              "      <td>0.015688</td>\n",
              "      <td>-0.011830</td>\n",
              "      <td>-0.300942</td>\n",
              "      <td>0.134326</td>\n",
              "      <td>0.030284</td>\n",
              "    </tr>\n",
              "    <tr>\n",
              "      <th>weathersit</th>\n",
              "      <td>-0.014198</td>\n",
              "      <td>-0.014524</td>\n",
              "      <td>-0.019157</td>\n",
              "      <td>0.005400</td>\n",
              "      <td>-0.020203</td>\n",
              "      <td>-0.017036</td>\n",
              "      <td>0.003311</td>\n",
              "      <td>0.044672</td>\n",
              "      <td>1.000000</td>\n",
              "      <td>-0.102640</td>\n",
              "      <td>-0.105563</td>\n",
              "      <td>0.418130</td>\n",
              "      <td>0.026226</td>\n",
              "      <td>-0.152628</td>\n",
              "      <td>-0.120966</td>\n",
              "      <td>-0.142426</td>\n",
              "    </tr>\n",
              "    <tr>\n",
              "      <th>temp</th>\n",
              "      <td>0.136178</td>\n",
              "      <td>0.312025</td>\n",
              "      <td>0.040913</td>\n",
              "      <td>0.201691</td>\n",
              "      <td>0.137603</td>\n",
              "      <td>-0.027340</td>\n",
              "      <td>-0.001795</td>\n",
              "      <td>0.055390</td>\n",
              "      <td>-0.102640</td>\n",
              "      <td>1.000000</td>\n",
              "      <td>0.987672</td>\n",
              "      <td>-0.069881</td>\n",
              "      <td>-0.023125</td>\n",
              "      <td>0.459616</td>\n",
              "      <td>0.335361</td>\n",
              "      <td>0.404772</td>\n",
              "    </tr>\n",
              "    <tr>\n",
              "      <th>atemp</th>\n",
              "      <td>0.137615</td>\n",
              "      <td>0.319380</td>\n",
              "      <td>0.039222</td>\n",
              "      <td>0.208096</td>\n",
              "      <td>0.133750</td>\n",
              "      <td>-0.030973</td>\n",
              "      <td>-0.008821</td>\n",
              "      <td>0.054667</td>\n",
              "      <td>-0.105563</td>\n",
              "      <td>0.987672</td>\n",
              "      <td>1.000000</td>\n",
              "      <td>-0.051918</td>\n",
              "      <td>-0.062336</td>\n",
              "      <td>0.454080</td>\n",
              "      <td>0.332559</td>\n",
              "      <td>0.400929</td>\n",
              "    </tr>\n",
              "    <tr>\n",
              "      <th>hum</th>\n",
              "      <td>0.009577</td>\n",
              "      <td>0.150625</td>\n",
              "      <td>-0.083546</td>\n",
              "      <td>0.164411</td>\n",
              "      <td>-0.276498</td>\n",
              "      <td>-0.010588</td>\n",
              "      <td>-0.037158</td>\n",
              "      <td>0.015688</td>\n",
              "      <td>0.418130</td>\n",
              "      <td>-0.069881</td>\n",
              "      <td>-0.051918</td>\n",
              "      <td>1.000000</td>\n",
              "      <td>-0.290105</td>\n",
              "      <td>-0.347028</td>\n",
              "      <td>-0.273933</td>\n",
              "      <td>-0.322911</td>\n",
              "    </tr>\n",
              "    <tr>\n",
              "      <th>windspeed</th>\n",
              "      <td>-0.074505</td>\n",
              "      <td>-0.149773</td>\n",
              "      <td>-0.008740</td>\n",
              "      <td>-0.135386</td>\n",
              "      <td>0.137252</td>\n",
              "      <td>0.003988</td>\n",
              "      <td>0.011502</td>\n",
              "      <td>-0.011830</td>\n",
              "      <td>0.026226</td>\n",
              "      <td>-0.023125</td>\n",
              "      <td>-0.062336</td>\n",
              "      <td>-0.290105</td>\n",
              "      <td>1.000000</td>\n",
              "      <td>0.090287</td>\n",
              "      <td>0.082321</td>\n",
              "      <td>0.093234</td>\n",
              "    </tr>\n",
              "    <tr>\n",
              "      <th>casual</th>\n",
              "      <td>0.158295</td>\n",
              "      <td>0.120206</td>\n",
              "      <td>0.142779</td>\n",
              "      <td>0.068457</td>\n",
              "      <td>0.301202</td>\n",
              "      <td>0.031564</td>\n",
              "      <td>0.032721</td>\n",
              "      <td>-0.300942</td>\n",
              "      <td>-0.152628</td>\n",
              "      <td>0.459616</td>\n",
              "      <td>0.454080</td>\n",
              "      <td>-0.347028</td>\n",
              "      <td>0.090287</td>\n",
              "      <td>1.000000</td>\n",
              "      <td>0.506618</td>\n",
              "      <td>0.694564</td>\n",
              "    </tr>\n",
              "    <tr>\n",
              "      <th>registered</th>\n",
              "      <td>0.282046</td>\n",
              "      <td>0.174226</td>\n",
              "      <td>0.253684</td>\n",
              "      <td>0.122273</td>\n",
              "      <td>0.374141</td>\n",
              "      <td>-0.047345</td>\n",
              "      <td>0.021578</td>\n",
              "      <td>0.134326</td>\n",
              "      <td>-0.120966</td>\n",
              "      <td>0.335361</td>\n",
              "      <td>0.332559</td>\n",
              "      <td>-0.273933</td>\n",
              "      <td>0.082321</td>\n",
              "      <td>0.506618</td>\n",
              "      <td>1.000000</td>\n",
              "      <td>0.972151</td>\n",
              "    </tr>\n",
              "    <tr>\n",
              "      <th>cnt</th>\n",
              "      <td>0.278379</td>\n",
              "      <td>0.178056</td>\n",
              "      <td>0.250495</td>\n",
              "      <td>0.120638</td>\n",
              "      <td>0.394071</td>\n",
              "      <td>-0.030927</td>\n",
              "      <td>0.026900</td>\n",
              "      <td>0.030284</td>\n",
              "      <td>-0.142426</td>\n",
              "      <td>0.404772</td>\n",
              "      <td>0.400929</td>\n",
              "      <td>-0.322911</td>\n",
              "      <td>0.093234</td>\n",
              "      <td>0.694564</td>\n",
              "      <td>0.972151</td>\n",
              "      <td>1.000000</td>\n",
              "    </tr>\n",
              "  </tbody>\n",
              "</table>\n",
              "</div>\n",
              "      <button class=\"colab-df-convert\" onclick=\"convertToInteractive('df-74f7ddc6-713a-495f-9ee8-e2e83616b0d2')\"\n",
              "              title=\"Convert this dataframe to an interactive table.\"\n",
              "              style=\"display:none;\">\n",
              "        \n",
              "  <svg xmlns=\"http://www.w3.org/2000/svg\" height=\"24px\"viewBox=\"0 0 24 24\"\n",
              "       width=\"24px\">\n",
              "    <path d=\"M0 0h24v24H0V0z\" fill=\"none\"/>\n",
              "    <path d=\"M18.56 5.44l.94 2.06.94-2.06 2.06-.94-2.06-.94-.94-2.06-.94 2.06-2.06.94zm-11 1L8.5 8.5l.94-2.06 2.06-.94-2.06-.94L8.5 2.5l-.94 2.06-2.06.94zm10 10l.94 2.06.94-2.06 2.06-.94-2.06-.94-.94-2.06-.94 2.06-2.06.94z\"/><path d=\"M17.41 7.96l-1.37-1.37c-.4-.4-.92-.59-1.43-.59-.52 0-1.04.2-1.43.59L10.3 9.45l-7.72 7.72c-.78.78-.78 2.05 0 2.83L4 21.41c.39.39.9.59 1.41.59.51 0 1.02-.2 1.41-.59l7.78-7.78 2.81-2.81c.8-.78.8-2.07 0-2.86zM5.41 20L4 18.59l7.72-7.72 1.47 1.35L5.41 20z\"/>\n",
              "  </svg>\n",
              "      </button>\n",
              "      \n",
              "  <style>\n",
              "    .colab-df-container {\n",
              "      display:flex;\n",
              "      flex-wrap:wrap;\n",
              "      gap: 12px;\n",
              "    }\n",
              "\n",
              "    .colab-df-convert {\n",
              "      background-color: #E8F0FE;\n",
              "      border: none;\n",
              "      border-radius: 50%;\n",
              "      cursor: pointer;\n",
              "      display: none;\n",
              "      fill: #1967D2;\n",
              "      height: 32px;\n",
              "      padding: 0 0 0 0;\n",
              "      width: 32px;\n",
              "    }\n",
              "\n",
              "    .colab-df-convert:hover {\n",
              "      background-color: #E2EBFA;\n",
              "      box-shadow: 0px 1px 2px rgba(60, 64, 67, 0.3), 0px 1px 3px 1px rgba(60, 64, 67, 0.15);\n",
              "      fill: #174EA6;\n",
              "    }\n",
              "\n",
              "    [theme=dark] .colab-df-convert {\n",
              "      background-color: #3B4455;\n",
              "      fill: #D2E3FC;\n",
              "    }\n",
              "\n",
              "    [theme=dark] .colab-df-convert:hover {\n",
              "      background-color: #434B5C;\n",
              "      box-shadow: 0px 1px 3px 1px rgba(0, 0, 0, 0.15);\n",
              "      filter: drop-shadow(0px 1px 2px rgba(0, 0, 0, 0.3));\n",
              "      fill: #FFFFFF;\n",
              "    }\n",
              "  </style>\n",
              "\n",
              "      <script>\n",
              "        const buttonEl =\n",
              "          document.querySelector('#df-74f7ddc6-713a-495f-9ee8-e2e83616b0d2 button.colab-df-convert');\n",
              "        buttonEl.style.display =\n",
              "          google.colab.kernel.accessAllowed ? 'block' : 'none';\n",
              "\n",
              "        async function convertToInteractive(key) {\n",
              "          const element = document.querySelector('#df-74f7ddc6-713a-495f-9ee8-e2e83616b0d2');\n",
              "          const dataTable =\n",
              "            await google.colab.kernel.invokeFunction('convertToInteractive',\n",
              "                                                     [key], {});\n",
              "          if (!dataTable) return;\n",
              "\n",
              "          const docLinkHtml = 'Like what you see? Visit the ' +\n",
              "            '<a target=\"_blank\" href=https://colab.research.google.com/notebooks/data_table.ipynb>data table notebook</a>'\n",
              "            + ' to learn more about interactive tables.';\n",
              "          element.innerHTML = '';\n",
              "          dataTable['output_type'] = 'display_data';\n",
              "          await google.colab.output.renderOutput(dataTable, element);\n",
              "          const docLink = document.createElement('div');\n",
              "          docLink.innerHTML = docLinkHtml;\n",
              "          element.appendChild(docLink);\n",
              "        }\n",
              "      </script>\n",
              "    </div>\n",
              "  </div>\n",
              "  "
            ]
          },
          "metadata": {},
          "execution_count": 66
        }
      ]
    },
    {
      "cell_type": "markdown",
      "source": [
        "* Building outlier visualizations."
      ],
      "metadata": {
        "id": "GvzqkowzyHrz"
      }
    },
    {
      "cell_type": "code",
      "source": [
        "col_list = hours_basis.drop(['instant', 'cnt', 'atemp', 'dteday'], axis =1)"
      ],
      "metadata": {
        "id": "wQoEIPvTwSFm"
      },
      "execution_count": null,
      "outputs": []
    },
    {
      "cell_type": "code",
      "source": [
        "loc=0\n",
        "colo = ['#bada55', '#00ff00','#20b2aa','#ff80ed','#dfb722','#E3BC9A','#7b3f00','#CA2C92','#3eb489','#dda0dd','#301934','#DFFF00','#89CFF0']\n",
        "print(len(colo))\n",
        "plt.figure(figsize=(30,30))\n",
        "for col in col_list:\n",
        "  plt.subplot(5,5,loc+1)\n",
        "  sns.boxplot(y = col, data = hours_basis, color=colo[loc])\n",
        "  loc+=1\n",
        "print(loc)\n",
        "plt.show()\n",
        "plt.close()"
      ],
      "metadata": {
        "colab": {
          "base_uri": "https://localhost:8080/",
          "height": 416
        },
        "id": "bBoJDkCZwNTQ",
        "outputId": "f289f9a5-e36d-4a2d-a745-8f47d5b1d5b4"
      },
      "execution_count": null,
      "outputs": [
        {
          "output_type": "stream",
          "name": "stdout",
          "text": [
            "13\n",
            "13\n"
          ]
        },
        {
          "output_type": "display_data",
          "data": {
            "text/plain": [
              "<Figure size 2160x2160 with 13 Axes>"
            ],
